  -2.000000    
  -2.000000    
  -2.000000    
  -2.000000    
  -2.000000    
  -2.000000    
  -2.000000    
  -2.000000    
  -2.000000    
  -2.000000    
  -2.000000    
  -2.000000    
  -2.000000    
  -2.000000    
  -2.000000    
  -2.000000    
  -2.000000    
  1.5740655E-08
  3.7196849E-04
  4.4946750E-03
  1.6748952E-02
  3.1674378E-02
  3.3337768E-02
  1.8869806E-02
  4.9458505E-03
  2.9108775E-04
  -2.000000    
  -2.000000    
  -2.000000    
  -2.000000    
  -2.000000    
  -2.000000    
  -2.000000    
  -2.000000    
  -2.000000    
  -2.000000    
  -2.000000    
  -2.000000    
  -2.000000    
  -2.000000    
  -2.000000    
