  -2.000000    
  -2.000000    
  -2.000000    
  -2.000000    
  -2.000000    
  -2.000000    
  -2.000000    
  -2.000000    
  -2.000000    
  -2.000000    
  -2.000000    
  -2.000000    
  -2.000000    
  -2.000000    
  -2.000000    
  -2.000000    
  -2.000000    
  -2.000000    
  1.6818993E-04
  2.3597274E-03
  9.3456889E-03
  1.8433785E-02
  2.0200467E-02
  1.1890307E-02
  3.2882786E-03
  2.2134959E-04
  -2.000000    
  -2.000000    
  -2.000000    
  -2.000000    
  -2.000000    
  -2.000000    
  -2.000000    
  -2.000000    
  -2.000000    
  -2.000000    
  -2.000000    
  -2.000000    
  -2.000000    
  -2.000000    
  -2.000000    
