  -2.000000    
  -2.000000    
  -2.000000    
  3.2942208E-11
  5.1521614E-08
  8.2997894E-07
  5.4821103E-06
  2.2676330E-05
  6.7222398E-05
  1.5552154E-04
  3.0244011E-04
  6.0593913E-04
  1.0030130E-03
  1.0731065E-03
  7.2524050E-04
  2.9300051E-04
  5.5139393E-05
  1.4745261E-06
  -2.000000    
  -2.000000    
  -2.000000    
  -2.000000    
  -2.000000    
  -2.000000    
  -2.000000    
  -2.000000    
  -2.000000    
  -2.000000    
  -2.000000    
  -2.000000    
  -2.000000    
  -2.000000    
  -2.000000    
  -2.000000    
  -2.000000    
  -2.000000    
  -2.000000    
  -2.000000    
  -2.000000    
  -2.000000    
  -2.000000    
