  -2.000000    
  -2.000000    
  -2.000000    
  -2.000000    
  -2.000000    
  -2.000000    
  -2.000000    
  -2.000000    
  -2.000000    
  -2.000000    
  -2.000000    
  -2.000000    
  -2.000000    
  -2.000000    
  -2.000000    
  -2.000000    
  -2.000000    
  2.0044448E-13
 -1.7066094E-08
 -2.1065813E-07
 -7.9204335E-07
 -1.5072117E-06
 -1.5959281E-06
 -9.0862522E-07
 -2.4009029E-07
 -1.4427442E-08
  -2.000000    
  -2.000000    
  -2.000000    
  -2.000000    
  -2.000000    
  -2.000000    
  -2.000000    
  -2.000000    
  -2.000000    
  -2.000000    
  -2.000000    
  -2.000000    
  -2.000000    
  -2.000000    
  -2.000000    
