 -5.0835507E-07
 -5.6302099E-07
 -6.4076607E-07
 -7.4365835E-07
 -8.7562069E-07
 -1.0392208E-06
 -1.2161507E-06
 -1.3591543E-06
 -1.3989149E-06
 -1.2969853E-06
 -1.0782157E-06
 -6.6726096E-07
 -2.1860410E-07
 -2.9561347E-08
 -1.6929978E-10
  -2.000000    
  -2.000000    
  -2.000000    
  -2.000000    
  -2.000000    
  -2.000000    
  -2.000000    
  -2.000000    
  -2.000000    
  -2.000000    
  -2.000000    
  -2.000000    
  -2.000000    
  -2.000000    
  -2.000000    
  -2.000000    
  -2.000000    
  -2.000000    
  -2.000000    
  -2.000000    
  -2.000000    
  -2.000000    
  -2.000000    
  -2.000000    
  -2.000000    
 -4.8662110E-07
