  -2.000000    
  -2.000000    
  -2.000000    
  -2.000000    
  -2.000000    
 -5.7549274E-12
 -2.9694200E-10
 -2.5375311E-09
 -1.0800896E-08
 -3.0941870E-08
 -6.9846671E-08
 -1.6527967E-07
 -3.2486039E-07
 -4.1083078E-07
 -3.2753485E-07
 -1.6135974E-07
 -4.1469050E-08
 -2.9797789E-09
  -2.000000    
  -2.000000    
  -2.000000    
  -2.000000    
  -2.000000    
  -2.000000    
  -2.000000    
  -2.000000    
  -2.000000    
  -2.000000    
  -2.000000    
  -2.000000    
  -2.000000    
  -2.000000    
  -2.000000    
  -2.000000    
  -2.000000    
  -2.000000    
  -2.000000    
  -2.000000    
  -2.000000    
  -2.000000    
  -2.000000    
