  -2.000000    
  -2.000000    
  -2.000000    
  -2.000000    
  -2.000000    
  -2.000000    
  -2.000000    
  -2.000000    
  -2.000000    
  -2.000000    
  -2.000000    
  -2.000000    
  -2.000000    
  -2.000000    
  -2.000000    
  -2.000000    
  -2.000000    
  2.5004756E-06
  2.1782920E-02
  0.2439274    
  0.8797928    
   1.626161    
   1.673985    
  0.9271798    
  0.2357872    
  1.2819460E-02
  -2.000000    
  -2.000000    
  -2.000000    
  -2.000000    
  -2.000000    
  -2.000000    
  -2.000000    
  -2.000000    
  -2.000000    
  -2.000000    
  -2.000000    
  -2.000000    
  -2.000000    
  -2.000000    
  -2.000000    
