  -2.000000    
  -2.000000    
  -2.000000    
  -2.000000    
  -2.000000    
  -2.000000    
  -2.000000    
  -2.000000    
  -2.000000    
  -2.000000    
  -2.000000    
  -2.000000    
  -2.000000    
  -2.000000    
  -2.000000    
  -2.000000    
  -2.000000    
 -4.7355869E-08
  1.3872988E-03
  1.7638512E-02
  6.7136981E-02
  0.1288510    
  0.1375580    
  7.8944072E-02
  2.1089988E-02
  1.3031862E-03
  -2.000000    
  -2.000000    
  -2.000000    
  -2.000000    
  -2.000000    
  -2.000000    
  -2.000000    
  -2.000000    
  -2.000000    
  -2.000000    
  -2.000000    
  -2.000000    
  -2.000000    
  -2.000000    
  -2.000000    
