# rdiagbuf(12),  rdiagbuf(3),  rdiagbuf(4),  rdiagbuf(6), rdiagbuf(16), rdiagbuf(17), rdiagbuf(18),
             1,       37.133,      262.917,      967.472,       25.000,       0.2530,    0.0088800,
             1,       42.017,      266.267,      978.556,       25.000,       0.1640,   -0.0812285,
             1,       30.070,      265.710,     1011.953,       25.000,       0.3810,    0.0772546,
             1,       35.167,      257.900,      890.606,       25.000,       0.0740,   -0.1383450,
             1,       39.700,      263.833,      966.527,       25.000,       0.2400,   -0.0778502,
             1,       39.228,      267.881,      980.862,       25.000,       0.3550,    0.0516926,
             1,       40.820,      255.290,      844.036,       25.000,       0.1960,   -0.0054668,
             1,       45.417,      266.050,      975.912,       25.000,       0.0600,   -0.1353930,
             1,       43.733,      263.383,      954.888,       25.000,       0.2480,    0.0615206,
             1,       35.550,      261.983,      960.456,       25.000,       0.1580,   -0.0293299,
             1,       47.717,      263.733,      973.555,       25.000,       0.0930,   -0.1541847,
             1,       34.250,      270.133,     1001.653,       25.000,       0.1350,   -0.1331552,
             1,       34.233,      270.100,     1004.639,       25.000,       0.0930,   -0.1591591,
             1,       33.450,      260.130,      951.512,       25.000,       0.2250,    0.0650798,
             1,       39.050,      264.817,      975.919,       25.000,       0.2240,   -0.0399033,
             1,       40.317,      270.100,      993.384,       25.000,       0.1130,   -0.2259653,
             1,       33.000,      268.933,     1009.514,       25.000,       0.3160,    0.0777472,
             1,       40.867,      255.267,      826.273,       25.000,       0.2370,    0.0222929,
             1,       32.750,      269.067,     1009.285,       25.000,       0.2660,    0.0256739,
             1,       33.967,      269.100,     1007.177,       25.000,       0.2950,    0.0733749,
             1,       39.783,      260.667,      940.802,       25.000,       0.2530,    0.0254958,
             1,       30.083,      264.017,     1002.983,       25.000,       0.0770,   -0.0657805,
             1,       31.480,      263.120,      993.386,       25.000,       0.2110,   -0.0059900,
             1,       40.850,      263.533,      970.451,       25.000,       0.3780,    0.0842032,
             1,       31.550,      259.490,      934.432,       25.000,       0.3440,    0.0987052,
             1,       33.667,      269.433,     1008.495,       25.000,       0.0720,   -0.1747126,
             1,       37.990,      265.960,      978.919,       25.000,       0.3250,   -0.0106647,
             1,       33.617,      268.900,     1008.238,       25.000,       0.3390,    0.1084582,
             1,       42.433,      264.233,      966.699,       25.000,       0.3670,    0.1880449,
             1,       33.083,      269.483,     1008.349,       25.000,       0.2370,   -0.0356955,
             1,       40.250,      266.283,      978.975,       25.000,       0.2760,   -0.0528411,
             1,       33.633,      271.233,     1002.485,       25.000,       0.2710,   -0.0017481,
             1,       32.250,      261.800,      962.832,       25.000,       0.1060,   -0.0829578,
             1,       34.683,      269.583,     1005.077,       25.000,       0.2260,   -0.0205044,
             1,       34.250,      267.967,     1002.368,       25.000,       0.2090,   -0.0591924,
             1,       34.850,      268.117,      999.765,       25.000,       0.2690,   -0.0023710,
             1,       34.783,      269.183,     1004.061,       25.000,       0.2010,   -0.0607623,
             1,       29.360,      259.750,      956.831,       25.000,       0.1760,    0.0028271,
             1,       34.067,      269.650,     1006.334,       25.000,       0.3740,    0.1176458,
             1,       34.020,      260.750,      964.027,       25.000,       0.1330,   -0.0391303,
             1,       45.467,      271.417,      967.510,       25.000,       0.2220,    0.0092185,
             1,       45.712,      260.870,      945.591,       25.000,       0.1170,   -0.0493725,
             1,       30.622,      261.915,      977.291,       25.000,       0.2100,    0.0067391,
             1,       35.820,      268.219,      984.340,       25.000,       0.1210,   -0.1555383,
             1,       40.035,      254.459,      719.286,       25.000,       0.1710,   -0.1068085,
             1,       32.041,      259.751,      934.207,       25.000,       0.0810,   -0.1420770,
             1,       45.516,      256.698,      906.571,       25.000,       0.1800,    0.0006293,
             1,       40.053,      271.627,      988.865,       25.000,       0.3670,    0.0937766,
             1,       41.556,      266.715,      981.879,       25.000,       0.2330,   -0.0411379,
             1,       48.306,      264.126,      969.104,       25.000,       0.3000,    0.0672365,
             1,       36.599,      258.405,      897.820,       25.000,       0.1490,   -0.0394371,
             1,       36.568,      258.390,      897.820,       25.000,       0.1640,   -0.0244371,
             1,       42.425,      256.264,      855.253,       25.000,       0.1440,   -0.0429978,
             1,       46.770,      260.522,      941.574,       25.000,       0.0670,   -0.0872610,
             1,       37.428,      265.417,      975.428,       25.000,       0.4510,    0.1679198,
             1,       37.864,      256.178,      859.242,       25.000,       0.2020,    0.0029446,
             1,       30.092,      268.127,     1014.513,       25.000,       0.2290,   -0.0479134,
             1,       40.695,      263.146,      963.922,       25.000,       0.3450,    0.0661189,
             1,       40.848,      263.435,      970.451,       25.000,       0.4110,    0.1172032,
             1,       39.103,      263.390,      964.903,       25.000,       0.3810,    0.1146984,
             1,       46.895,      256.623,      916.397,       25.000,       0.0870,   -0.0772275,
             1,       32.883,      267.883,     1007.501,       25.000,       0.0800,   -0.2027507,
             1,       33.956,      257.226,      883.120,       25.000,       0.1310,   -0.0270246,
             1,       44.060,      269.826,      979.760,       25.000,       0.0680,   -0.0758509,
             1,       40.807,      255.245,      844.036,       25.000,       0.0710,   -0.1304668,
             1,       38.870,      259.037,      906.217,       25.000,       0.3530,    0.1248667,
             1,       31.780,      264.277,      996.795,       25.000,       0.0650,   -0.2060867,
             1,       29.348,      256.791,      905.983,       25.000,       0.1090,   -0.1248425,
             1,       44.019,      259.647,      944.002,       25.000,       0.2410,    0.0507252,
             1,       37.634,      268.277,      969.262,       25.000,       0.1650,   -0.2158444,
             1,       46.114,      267.006,      973.892,       25.000,       0.1870,   -0.0022896,
             1,       41.843,      271.149,      985.061,       25.000,       0.1840,   -0.0880591,
             1,       43.735,      263.378,      954.888,       25.000,       0.3080,    0.1215206,
             1,       36.118,      262.909,      971.944,       25.000,       0.3670,    0.1826109,
             1,       36.135,      262.892,      971.944,       25.000,       0.2810,    0.0966109,
             1,       44.517,      255.564,      865.156,       25.000,       0.0610,   -0.1291621,
            -1,       42.068,      258.555,      884.187,       25.000,          nan,          nan,
