# rdiagbuf(12),  rdiagbuf(3),  rdiagbuf(4),  rdiagbuf(6), rdiagbuf(16), rdiagbuf(17), rdiagbuf(18),
             1,       37.133,      262.917,      968.184,       25.000,       0.2530,   -0.0053021,
             1,       42.017,      266.267,      979.451,       25.000,       0.1640,   -0.0632963,
             1,       30.070,      265.710,     1012.003,       25.000,       0.3810,    0.0758260,
             1,       35.167,      257.900,      891.074,       25.000,       0.0740,   -0.1374068,
             1,       39.700,      263.833,      967.147,       25.000,       0.2400,   -0.0946801,
             1,       39.228,      267.881,      983.357,       25.000,       0.3550,    0.0456669,
             1,       40.820,      255.290,      843.993,       25.000,       0.1960,   -0.0144317,
             1,       45.417,      266.050,      976.330,       25.000,       0.0600,   -0.1369818,
             1,       43.733,      263.383,      955.083,       25.000,       0.2480,    0.0619051,
             1,       35.550,      261.983,      960.821,       25.000,       0.1580,   -0.0328189,
             1,       47.717,      263.733,      973.571,       25.000,       0.0930,   -0.1543456,
             1,       34.250,      270.133,     1001.776,       25.000,       0.1350,   -0.1345213,
             1,       34.233,      270.100,     1004.785,       25.000,       0.0930,   -0.1595276,
             1,       33.450,      260.130,      952.594,       25.000,       0.2250,    0.0529318,
             1,       39.050,      264.817,      976.749,       25.000,       0.2240,   -0.0498444,
             1,       40.317,      270.100,      994.154,       25.000,       0.1130,   -0.2091027,
             1,       33.000,      268.933,     1009.528,       25.000,       0.3160,    0.0780248,
             1,       40.867,      255.267,      826.188,       25.000,       0.2370,    0.0238703,
             1,       32.750,      269.067,     1009.372,       25.000,       0.2660,    0.0259604,
             1,       33.967,      269.100,     1007.278,       25.000,       0.2950,    0.0735886,
             1,       39.783,      260.667,      941.960,       25.000,       0.2530,    0.0347632,
             1,       30.083,      264.017,     1002.975,       25.000,       0.0770,   -0.0692377,
             1,       31.480,      263.120,      993.439,       25.000,       0.2110,   -0.0067117,
             1,       40.850,      263.533,      970.609,       25.000,       0.3780,    0.0700100,
             1,       31.550,      259.490,      934.384,       25.000,       0.3440,    0.0995740,
             1,       33.667,      269.433,     1008.467,       25.000,       0.0720,   -0.1746038,
             1,       37.990,      265.960,      980.647,       25.000,       0.3250,   -0.0111089,
             1,       33.617,      268.900,     1008.234,       25.000,       0.3390,    0.1084596,
             1,       42.433,      264.233,      966.205,       25.000,       0.3670,    0.1857994,
             1,       33.083,      269.483,     1008.382,       25.000,       0.2370,   -0.0370009,
             1,       40.250,      266.283,      980.719,       25.000,       0.2760,   -0.0428385,
             1,       33.633,      271.233,     1002.485,       25.000,       0.2710,   -0.0020631,
             1,       32.250,      261.800,      962.854,       25.000,       0.1060,   -0.0838132,
             1,       34.683,      269.583,     1005.129,       25.000,       0.2260,   -0.0235368,
             1,       34.250,      267.967,     1002.792,       25.000,       0.2090,   -0.0620816,
             1,       34.850,      268.117,     1000.528,       25.000,       0.2690,   -0.0040109,
             1,       34.783,      269.183,     1004.500,       25.000,       0.2010,   -0.0617385,
             1,       29.360,      259.750,      956.837,       25.000,       0.1760,    0.0018768,
             1,       34.067,      269.650,     1006.417,       25.000,       0.3740,    0.1161483,
             1,       34.020,      260.750,      964.562,       25.000,       0.1330,   -0.0361063,
             1,       45.467,      271.417,      967.696,       25.000,       0.2220,    0.0094381,
             1,       45.712,      260.870,      945.422,       25.000,       0.1170,   -0.0492505,
             1,       30.622,      261.915,      977.300,       25.000,       0.2100,    0.0069041,
             1,       35.820,      268.219,      985.490,       25.000,       0.1210,   -0.1535531,
             1,       40.035,      254.459,      719.286,       25.000,       0.1710,   -0.1067557,
             1,       32.041,      259.751,      934.301,       25.000,       0.0810,   -0.1438908,
             1,       45.516,      256.698,      906.107,       25.000,       0.1800,    0.0033457,
             1,       40.053,      271.627,      988.865,       25.000,       0.3670,    0.0910646,
             1,       41.556,      266.715,      983.129,       25.000,       0.2330,   -0.0078924,
             1,       48.306,      264.126,      969.104,       25.000,       0.3000,    0.0710034,
             1,       36.599,      258.405,      898.179,       25.000,       0.1490,   -0.0495841,
             1,       36.568,      258.390,      898.179,       25.000,       0.1640,   -0.0345841,
             1,       42.425,      256.264,      855.222,       25.000,       0.1440,   -0.0475029,
             1,       46.770,      260.522,      941.241,       25.000,       0.0670,   -0.0866846,
             1,       37.428,      265.417,      977.303,       25.000,       0.4510,    0.1291968,
             1,       37.864,      256.178,      859.297,       25.000,       0.2020,   -0.0046170,
             1,       30.092,      268.127,     1014.532,       25.000,       0.2290,   -0.0481305,
             1,       40.695,      263.146,      964.319,       25.000,       0.3450,    0.0504083,
             1,       40.848,      263.435,      970.609,       25.000,       0.4110,    0.1030100,
             1,       39.103,      263.390,      965.709,       25.000,       0.3810,    0.1123232,
             1,       46.895,      256.623,      916.445,       25.000,       0.0870,   -0.0707041,
             1,       32.883,      267.883,     1007.614,       25.000,       0.0800,   -0.2021689,
             1,       33.956,      257.226,      883.494,       25.000,       0.1310,   -0.0283854,
             1,       44.060,      269.826,      980.101,       25.000,       0.0680,   -0.0789357,
             1,       40.807,      255.245,      843.993,       25.000,       0.0710,   -0.1394317,
             1,       38.870,      259.037,      906.968,       25.000,       0.3530,    0.1194895,
             1,       31.780,      264.277,      996.865,       25.000,       0.0650,   -0.2076134,
             1,       29.348,      256.791,      906.027,       25.000,       0.1090,   -0.1309329,
             1,       44.019,      259.647,      943.787,       25.000,       0.2410,    0.0494154,
             1,       37.634,      268.277,      969.817,       25.000,       0.1650,   -0.2002864,
             1,       46.114,      267.006,      974.506,       25.000,       0.1870,   -0.0029705,
             1,       41.843,      271.149,      985.417,       25.000,       0.1840,   -0.0881103,
             1,       43.735,      263.378,      955.083,       25.000,       0.3080,    0.1219051,
             1,       36.118,      262.909,      973.388,       25.000,       0.3670,    0.1780423,
             1,       36.135,      262.892,      973.388,       25.000,       0.2810,    0.0920423,
             1,       44.517,      255.564,      865.215,       25.000,       0.0610,   -0.1339349,
            -1,       42.068,      258.555,      884.523,       25.000,          nan,          nan,
