# rdiagbuf(12),  rdiagbuf(3),  rdiagbuf(4),  rdiagbuf(6), rdiagbuf(16), rdiagbuf(17), rdiagbuf(18),
             1,       37.133,      262.917,      966.048,       25.000,       0.2530,    0.0076289,
             1,       42.017,      266.267,      979.101,       25.000,       0.1640,   -0.0641362,
             1,       30.070,      265.710,     1011.997,       25.000,       0.3810,    0.0779990,
             1,       35.167,      257.900,      890.646,       25.000,       0.0740,   -0.1330840,
             1,       39.700,      263.833,      966.477,       25.000,       0.2400,   -0.0854621,
             1,       39.228,      267.881,      981.757,       25.000,       0.3550,    0.0344199,
             1,       40.820,      255.290,      843.932,       25.000,       0.1960,   -0.0076821,
             1,       45.417,      266.050,      976.095,       25.000,       0.0600,   -0.1305726,
             1,       43.733,      263.383,      954.773,       25.000,       0.2480,    0.0620707,
             1,       35.550,      261.983,      960.609,       25.000,       0.1580,   -0.0301804,
             1,       47.717,      263.733,      973.568,       25.000,       0.0930,   -0.1520614,
             1,       34.250,      270.133,     1001.783,       25.000,       0.1350,   -0.1298708,
             1,       34.233,      270.100,     1004.784,       25.000,       0.0930,   -0.1572910,
             1,       33.450,      260.130,      951.459,       25.000,       0.2250,    0.0669185,
             1,       39.050,      264.817,      975.998,       25.000,       0.2240,   -0.0461181,
             1,       40.317,      270.100,      993.368,       25.000,       0.1130,   -0.2100484,
             1,       33.000,      268.933,     1009.679,       25.000,       0.3160,    0.0764731,
             1,       40.867,      255.267,      826.126,       25.000,       0.2370,    0.0449721,
             1,       32.750,      269.067,     1009.466,       25.000,       0.2660,    0.0264075,
             1,       33.967,      269.100,     1007.345,       25.000,       0.2950,    0.0744579,
             1,       39.783,      260.667,      941.193,       25.000,       0.2530,    0.0435651,
             1,       30.083,      264.017,     1003.071,       25.000,       0.0770,   -0.0592270,
             1,       31.480,      263.120,      993.424,       25.000,       0.2110,   -0.0059680,
             1,       40.850,      263.533,      970.218,       25.000,       0.3780,    0.0549784,
             1,       31.550,      259.490,      934.354,       25.000,       0.3440,    0.1003066,
             1,       33.667,      269.433,     1008.495,       25.000,       0.0720,   -0.1743752,
             1,       37.990,      265.960,      979.165,       25.000,       0.3250,    0.0090997,
             1,       33.617,      268.900,     1008.315,       25.000,       0.3390,    0.1079023,
             1,       42.433,      264.233,      966.600,       25.000,       0.3670,    0.1373630,
             1,       33.083,      269.483,     1008.464,       25.000,       0.2370,   -0.0365111,
             1,       40.250,      266.283,      979.159,       25.000,       0.2760,   -0.0747565,
             1,       33.633,      271.233,     1002.485,       25.000,       0.2710,    0.0019076,
             1,       32.250,      261.800,      962.964,       25.000,       0.1060,   -0.0831898,
             1,       34.683,      269.583,     1004.927,       25.000,       0.2260,   -0.0153766,
             1,       34.250,      267.967,     1002.445,       25.000,       0.2090,   -0.0526636,
             1,       34.850,      268.117,      999.861,       25.000,       0.2690,    0.0011170,
             1,       34.783,      269.183,     1003.899,       25.000,       0.2010,   -0.0609902,
             1,       29.360,      259.750,      956.775,       25.000,       0.1760,    0.0075850,
             1,       34.067,      269.650,     1006.405,       25.000,       0.3740,    0.1190458,
             1,       34.020,      260.750,      963.937,       25.000,       0.1330,   -0.0267368,
             1,       45.467,      271.417,      967.462,       25.000,       0.2220,    0.0080945,
             1,       45.712,      260.870,      945.461,       25.000,       0.1170,   -0.0479335,
             1,       30.622,      261.915,      977.389,       25.000,       0.2100,    0.0043158,
             1,       35.820,      268.219,      984.350,       25.000,       0.1210,   -0.1450240,
             1,       40.035,      254.459,      719.286,       25.000,       0.1710,   -0.1005397,
             1,       32.041,      259.751,      934.265,       25.000,       0.0810,   -0.1387236,
             1,       45.516,      256.698,      906.421,       25.000,       0.1800,    0.0003279,
             1,       40.053,      271.627,      988.865,       25.000,       0.3670,    0.0930029,
             1,       41.556,      266.715,      982.562,       25.000,       0.2330,    0.0071729,
             1,       48.306,      264.126,      969.104,       25.000,       0.3000,    0.0716891,
             1,       36.599,      258.405,      898.243,       25.000,       0.1490,   -0.0319687,
             1,       36.568,      258.390,      898.243,       25.000,       0.1640,   -0.0169687,
             1,       42.425,      256.264,      855.079,       25.000,       0.1440,   -0.0411939,
             1,       46.770,      260.522,      941.223,       25.000,       0.0670,   -0.0826185,
             1,       37.428,      265.417,      975.881,       25.000,       0.4510,    0.1176869,
             1,       37.864,      256.178,      859.168,       25.000,       0.2020,    0.0054295,
             1,       30.092,      268.127,     1014.551,       25.000,       0.2290,   -0.0457169,
             1,       40.695,      263.146,      963.850,       25.000,       0.3450,    0.0145720,
             1,       40.848,      263.435,      970.218,       25.000,       0.4110,    0.0879784,
             1,       39.103,      263.390,      964.966,       25.000,       0.3810,    0.1264076,
             1,       46.895,      256.623,      916.453,       25.000,       0.0870,   -0.0654110,
             1,       32.883,      267.883,     1007.723,       25.000,       0.0800,   -0.2031963,
             1,       33.956,      257.226,      883.120,       25.000,       0.1310,   -0.0235921,
             1,       44.060,      269.826,      979.847,       25.000,       0.0680,   -0.0697798,
             1,       40.807,      255.245,      843.932,       25.000,       0.0710,   -0.1326821,
             1,       38.870,      259.037,      906.542,       25.000,       0.3530,    0.1167629,
             1,       31.780,      264.277,      996.803,       25.000,       0.0650,   -0.1996875,
             1,       29.348,      256.791,      905.989,       25.000,       0.1090,   -0.1196941,
             1,       44.019,      259.647,      943.840,       25.000,       0.2410,    0.0359997,
             1,       37.634,      268.277,      968.673,       25.000,       0.1650,   -0.1653328,
             1,       46.114,      267.006,      973.777,       25.000,       0.1870,   -0.0025655,
             1,       41.843,      271.149,      985.238,       25.000,       0.1840,   -0.0879986,
             1,       43.735,      263.378,      954.773,       25.000,       0.3080,    0.1220707,
             1,       36.118,      262.909,      971.812,       25.000,       0.3670,    0.1773826,
             1,       36.135,      262.892,      971.812,       25.000,       0.2810,    0.0913826,
             1,       44.517,      255.564,      865.337,       25.000,       0.0610,   -0.1325665,
            -1,       42.068,      258.555,      884.283,       25.000,          nan,          nan,
