# rdiagbuf(12),  rdiagbuf(3),  rdiagbuf(4),  rdiagbuf(6), rdiagbuf(16), rdiagbuf(17), rdiagbuf(18),
             1,       37.133,      262.917,      967.096,       25.000,       0.2530,   -0.0029188,
             1,       42.017,      266.267,      978.348,       25.000,       0.1640,   -0.0665197,
             1,       30.070,      265.710,     1011.930,       25.000,       0.3810,    0.0774338,
             1,       35.167,      257.900,      890.566,       25.000,       0.0740,   -0.1401102,
             1,       39.700,      263.833,      966.281,       25.000,       0.2400,   -0.0687391,
             1,       39.228,      267.881,      980.939,       25.000,       0.3550,    0.0562874,
             1,       40.820,      255.290,      844.002,       25.000,       0.1960,    0.0005734,
             1,       45.417,      266.050,      975.980,       25.000,       0.0600,   -0.1348524,
             1,       43.733,      263.383,      954.694,       25.000,       0.2480,    0.0614145,
             1,       35.550,      261.983,      960.454,       25.000,       0.1580,   -0.0319345,
             1,       47.717,      263.733,      973.538,       25.000,       0.0930,   -0.1532382,
             1,       34.250,      270.133,     1001.624,       25.000,       0.1350,   -0.1323429,
             1,       34.233,      270.100,     1004.575,       25.000,       0.0930,   -0.1594331,
             1,       33.450,      260.130,      951.637,       25.000,       0.2250,    0.0640261,
             1,       39.050,      264.817,      975.594,       25.000,       0.2240,   -0.0481457,
             1,       40.317,      270.100,      993.359,       25.000,       0.1130,   -0.2183351,
             1,       33.000,      268.933,     1009.518,       25.000,       0.3160,    0.0777497,
             1,       40.867,      255.267,      826.223,       25.000,       0.2370,    0.0264876,
             1,       32.750,      269.067,     1009.339,       25.000,       0.2660,    0.0260206,
             1,       33.967,      269.100,     1007.113,       25.000,       0.2950,    0.0733255,
             1,       39.783,      260.667,      941.152,       25.000,       0.2530,    0.0353663,
             1,       30.083,      264.017,     1002.993,       25.000,       0.0770,   -0.0635141,
             1,       31.480,      263.120,      993.266,       25.000,       0.2110,   -0.0060484,
             1,       40.850,      263.533,      970.202,       25.000,       0.3780,    0.0518412,
             1,       31.550,      259.490,      934.401,       25.000,       0.3440,    0.0974589,
             1,       33.667,      269.433,     1008.363,       25.000,       0.0720,   -0.1742071,
             1,       37.990,      265.960,      978.409,       25.000,       0.3250,   -0.0266406,
             1,       33.617,      268.900,     1008.144,       25.000,       0.3390,    0.1084391,
             1,       42.433,      264.233,      966.278,       25.000,       0.3670,    0.1884083,
             1,       33.083,      269.483,     1008.359,       25.000,       0.2370,   -0.0359846,
             1,       40.250,      266.283,      978.742,       25.000,       0.2760,   -0.0526178,
             1,       33.633,      271.233,     1002.485,       25.000,       0.2710,   -0.0020099,
             1,       32.250,      261.800,      962.783,       25.000,       0.1060,   -0.0827428,
             1,       34.683,      269.583,     1004.785,       25.000,       0.2260,   -0.0205735,
             1,       34.250,      267.967,     1002.094,       25.000,       0.2090,   -0.0592501,
             1,       34.850,      268.117,      999.507,       25.000,       0.2690,   -0.0019508,
             1,       34.783,      269.183,     1003.816,       25.000,       0.2010,   -0.0614104,
             1,       29.360,      259.750,      956.804,       25.000,       0.1760,    0.0036419,
             1,       34.067,      269.650,     1006.189,       25.000,       0.3740,    0.1157533,
             1,       34.020,      260.750,      963.610,       25.000,       0.1330,   -0.0383111,
             1,       45.467,      271.417,      967.483,       25.000,       0.2220,    0.0086969,
             1,       45.712,      260.870,      945.731,       25.000,       0.1170,   -0.0494217,
             1,       30.622,      261.915,      977.279,       25.000,       0.2100,    0.0074906,
             1,       35.820,      268.219,      984.362,       25.000,       0.1210,   -0.1397810,
             1,       40.035,      254.459,      719.286,       25.000,       0.1710,   -0.1049435,
             1,       32.041,      259.751,      934.315,       25.000,       0.0810,   -0.1423239,
             1,       45.516,      256.698,      906.147,       25.000,       0.1800,    0.0043877,
             1,       40.053,      271.627,      988.865,       25.000,       0.3670,    0.0930450,
             1,       41.556,      266.715,      981.736,       25.000,       0.2330,   -0.0349374,
             1,       48.306,      264.126,      969.104,       25.000,       0.3000,    0.0669264,
             1,       36.599,      258.405,      897.756,       25.000,       0.1490,   -0.0378723,
             1,       36.568,      258.390,      897.756,       25.000,       0.1640,   -0.0228723,
             1,       42.425,      256.264,      855.168,       25.000,       0.1440,   -0.0412329,
             1,       46.770,      260.522,      941.682,       25.000,       0.0670,   -0.0862192,
             1,       37.428,      265.417,      975.517,       25.000,       0.4510,    0.1434896,
             1,       37.864,      256.178,      859.044,       25.000,       0.2020,    0.0055253,
             1,       30.092,      268.127,     1014.566,       25.000,       0.2290,   -0.0474666,
             1,       40.695,      263.146,      963.869,       25.000,       0.3450,    0.0079882,
             1,       40.848,      263.435,      970.202,       25.000,       0.4110,    0.0848412,
             1,       39.103,      263.390,      964.662,       25.000,       0.3810,    0.1106582,
             1,       46.895,      256.623,      916.525,       25.000,       0.0870,   -0.0728504,
             1,       32.883,      267.883,     1007.496,       25.000,       0.0800,   -0.2027142,
             1,       33.956,      257.226,      883.181,       25.000,       0.1310,   -0.0276234,
             1,       44.060,      269.826,      979.670,       25.000,       0.0680,   -0.0737130,
             1,       40.807,      255.245,      844.002,       25.000,       0.0710,   -0.1244266,
             1,       38.870,      259.037,      906.022,       25.000,       0.3530,    0.1243454,
             1,       31.780,      264.277,      996.742,       25.000,       0.0650,   -0.2044082,
             1,       29.348,      256.791,      905.994,       25.000,       0.1090,   -0.1242320,
             1,       44.019,      259.647,      943.987,       25.000,       0.2410,    0.0480395,
             1,       37.634,      268.277,      968.411,       25.000,       0.1650,   -0.1934228,
             1,       46.114,      267.006,      973.881,       25.000,       0.1870,   -0.0025483,
             1,       41.843,      271.149,      984.992,       25.000,       0.1840,   -0.0878342,
             1,       43.735,      263.378,      954.694,       25.000,       0.3080,    0.1214145,
             1,       36.118,      262.909,      972.238,       25.000,       0.3670,    0.1866254,
             1,       36.135,      262.892,      972.238,       25.000,       0.2810,    0.1006254,
             1,       44.517,      255.564,      865.246,       25.000,       0.0610,   -0.1297838,
            -1,       42.068,      258.555,      884.019,       25.000,          nan,          nan,
