# rdiagbuf(12),  rdiagbuf(3),  rdiagbuf(4),  rdiagbuf(6), rdiagbuf(16), rdiagbuf(17), rdiagbuf(18),
             1,       37.133,      262.917,      966.408,       25.000,       0.2530,    0.0201688,
             1,       42.017,      266.267,      979.129,       25.000,       0.1640,   -0.0656191,
             1,       30.070,      265.710,     1011.939,       25.000,       0.3810,    0.0776820,
             1,       35.167,      257.900,      890.628,       25.000,       0.0740,   -0.1342084,
             1,       39.700,      263.833,      966.480,       25.000,       0.2400,   -0.0928240,
             1,       39.228,      267.881,      981.583,       25.000,       0.3550,    0.0562946,
             1,       40.820,      255.290,      843.970,       25.000,       0.1960,   -0.0089789,
             1,       45.417,      266.050,      976.109,       25.000,       0.0600,   -0.1345823,
             1,       43.733,      263.383,      954.786,       25.000,       0.2480,    0.0619865,
             1,       35.550,      261.983,      960.201,       25.000,       0.1580,   -0.0259465,
             1,       47.717,      263.733,      973.620,       25.000,       0.0930,   -0.1531376,
             1,       34.250,      270.133,     1001.804,       25.000,       0.1350,   -0.1311753,
             1,       34.233,      270.100,     1004.801,       25.000,       0.0930,   -0.1585120,
             1,       33.450,      260.130,      951.570,       25.000,       0.2250,    0.0655995,
             1,       39.050,      264.817,      976.008,       25.000,       0.2240,   -0.0462294,
             1,       40.317,      270.100,      993.534,       25.000,       0.1130,   -0.2132537,
             1,       33.000,      268.933,     1009.642,       25.000,       0.3160,    0.0770504,
             1,       40.867,      255.267,      826.224,       25.000,       0.2370,    0.0420164,
             1,       32.750,      269.067,     1009.422,       25.000,       0.2660,    0.0257242,
             1,       33.967,      269.100,     1007.420,       25.000,       0.2950,    0.0738488,
             1,       39.783,      260.667,      941.095,       25.000,       0.2530,    0.0283989,
             1,       30.083,      264.017,     1003.023,       25.000,       0.0770,   -0.0613797,
             1,       31.480,      263.120,      993.397,       25.000,       0.2110,   -0.0058638,
             1,       40.850,      263.533,      969.875,       25.000,       0.3780,    0.0644295,
             1,       31.550,      259.490,      934.334,       25.000,       0.3440,    0.0990322,
             1,       33.667,      269.433,     1008.678,       25.000,       0.0720,   -0.1742611,
             1,       37.990,      265.960,      978.393,       25.000,       0.3250,   -0.0223198,
             1,       33.617,      268.900,     1008.479,       25.000,       0.3390,    0.1081616,
             1,       42.433,      264.233,      966.679,       25.000,       0.3670,    0.1959225,
             1,       33.083,      269.483,     1008.470,       25.000,       0.2370,   -0.0365415,
             1,       40.250,      266.283,      979.562,       25.000,       0.2760,   -0.0760305,
             1,       33.633,      271.233,     1002.485,       25.000,       0.2710,    0.0000642,
             1,       32.250,      261.800,      962.903,       25.000,       0.1060,   -0.0827774,
             1,       34.683,      269.583,     1005.126,       25.000,       0.2260,   -0.0211338,
             1,       34.250,      267.967,     1002.544,       25.000,       0.2090,   -0.0572860,
             1,       34.850,      268.117,     1000.028,       25.000,       0.2690,   -0.0001898,
             1,       34.783,      269.183,     1004.224,       25.000,       0.2010,   -0.0616337,
             1,       29.360,      259.750,      956.822,       25.000,       0.1760,    0.0060089,
             1,       34.067,      269.650,     1006.423,       25.000,       0.3740,    0.1158254,
             1,       34.020,      260.750,      964.207,       25.000,       0.1330,   -0.0379559,
             1,       45.467,      271.417,      967.487,       25.000,       0.2220,    0.0083569,
             1,       45.712,      260.870,      945.510,       25.000,       0.1170,   -0.0483774,
             1,       30.622,      261.915,      977.316,       25.000,       0.2100,    0.0056226,
             1,       35.820,      268.219,      984.405,       25.000,       0.1210,   -0.1450606,
             1,       40.035,      254.459,      719.286,       25.000,       0.1710,   -0.1019622,
             1,       32.041,      259.751,      934.247,       25.000,       0.0810,   -0.1400042,
             1,       45.516,      256.698,      906.861,       25.000,       0.1800,    0.0034176,
             1,       40.053,      271.627,      988.865,       25.000,       0.3670,    0.0928321,
             1,       41.556,      266.715,      982.539,       25.000,       0.2330,   -0.0299331,
             1,       48.306,      264.126,      969.104,       25.000,       0.3000,    0.0712877,
             1,       36.599,      258.405,      898.068,       25.000,       0.1490,   -0.0464172,
             1,       36.568,      258.390,      898.068,       25.000,       0.1640,   -0.0314172,
             1,       42.425,      256.264,      855.200,       25.000,       0.1440,   -0.0417418,
             1,       46.770,      260.522,      941.229,       25.000,       0.0670,   -0.0879883,
             1,       37.428,      265.417,      975.453,       25.000,       0.4510,    0.1477269,
             1,       37.864,      256.178,      859.166,       25.000,       0.2020,    0.0053111,
             1,       30.092,      268.127,     1014.472,       25.000,       0.2290,   -0.0464389,
             1,       40.695,      263.146,      963.768,       25.000,       0.3450,    0.0185129,
             1,       40.848,      263.435,      969.875,       25.000,       0.4110,    0.0974295,
             1,       39.103,      263.390,      965.168,       25.000,       0.3810,    0.1245086,
             1,       46.895,      256.623,      916.464,       25.000,       0.0870,   -0.0633082,
             1,       32.883,      267.883,     1007.634,       25.000,       0.0800,   -0.2030439,
             1,       33.956,      257.226,      883.158,       25.000,       0.1310,   -0.0251483,
             1,       44.060,      269.826,      979.867,       25.000,       0.0680,   -0.0718063,
             1,       40.807,      255.245,      843.970,       25.000,       0.0710,   -0.1339789,
             1,       38.870,      259.037,      906.494,       25.000,       0.3530,    0.1173091,
             1,       31.780,      264.277,      996.925,       25.000,       0.0650,   -0.2018393,
             1,       29.348,      256.791,      905.990,       25.000,       0.1090,   -0.1211476,
             1,       44.019,      259.647,      943.822,       25.000,       0.2410,    0.0524564,
             1,       37.634,      268.277,      968.719,       25.000,       0.1650,   -0.2187760,
             1,       46.114,      267.006,      973.732,       25.000,       0.1870,   -0.0021483,
             1,       41.843,      271.149,      985.142,       25.000,       0.1840,   -0.0887241,
             1,       43.735,      263.378,      954.786,       25.000,       0.3080,    0.1219865,
             1,       36.118,      262.909,      971.795,       25.000,       0.3670,    0.1917309,
             1,       36.135,      262.892,      971.795,       25.000,       0.2810,    0.1057309,
             1,       44.517,      255.564,      865.356,       25.000,       0.0610,   -0.1494377,
            -1,       42.068,      258.555,      884.419,       25.000,          nan,          nan,
