# rdiagbuf(12),  rdiagbuf(3),  rdiagbuf(4),  rdiagbuf(6), rdiagbuf(16), rdiagbuf(17), rdiagbuf(18),
             1,       37.133,      262.917,      967.090,       25.000,       0.2530,   -0.0886224,
             1,       42.017,      266.267,      978.898,       25.000,       0.1640,   -0.0577367,
             1,       30.070,      265.710,     1011.956,       25.000,       0.3810,    0.0723019,
             1,       35.167,      257.900,      890.674,       25.000,       0.0740,   -0.1373713,
             1,       39.700,      263.833,      966.139,       25.000,       0.2400,   -0.0863775,
             1,       39.228,      267.881,      981.969,       25.000,       0.3550,    0.0316146,
             1,       40.820,      255.290,      843.997,       25.000,       0.1960,   -0.0235108,
             1,       45.417,      266.050,      976.211,       25.000,       0.0600,   -0.1427633,
             1,       43.733,      263.383,      954.827,       25.000,       0.2480,    0.0621294,
             1,       35.550,      261.983,      960.327,       25.000,       0.1580,   -0.0350735,
             1,       47.717,      263.733,      973.595,       25.000,       0.0930,   -0.1556734,
             1,       34.250,      270.133,     1001.828,       25.000,       0.1350,   -0.1396169,
             1,       34.233,      270.100,     1004.800,       25.000,       0.0930,   -0.1611575,
             1,       33.450,      260.130,      952.293,       25.000,       0.2250,    0.0028328,
             1,       39.050,      264.817,      975.817,       25.000,       0.2240,   -0.0597888,
             1,       40.317,      270.100,      993.761,       25.000,       0.1130,   -0.2083000,
             1,       33.000,      268.933,     1009.596,       25.000,       0.3160,    0.0796567,
             1,       40.867,      255.267,      826.197,       25.000,       0.2370,    0.0072379,
             1,       32.750,      269.067,     1009.394,       25.000,       0.2660,    0.0258294,
             1,       33.967,      269.100,     1007.267,       25.000,       0.2950,    0.0733471,
             1,       39.783,      260.667,      941.600,       25.000,       0.2530,    0.0373326,
             1,       30.083,      264.017,     1003.053,       25.000,       0.0770,   -0.0805585,
             1,       31.480,      263.120,      993.265,       25.000,       0.2110,   -0.0084571,
             1,       40.850,      263.533,      969.794,       25.000,       0.3780,    0.0727659,
             1,       31.550,      259.490,      934.363,       25.000,       0.3440,    0.1002142,
             1,       33.667,      269.433,     1008.568,       25.000,       0.0720,   -0.1750870,
             1,       37.990,      265.960,      979.344,       25.000,       0.3250,   -0.0245410,
             1,       33.617,      268.900,     1008.325,       25.000,       0.3390,    0.1089146,
             1,       42.433,      264.233,      965.935,       25.000,       0.3670,    0.1963137,
             1,       33.083,      269.483,     1008.495,       25.000,       0.2370,   -0.0374409,
             1,       40.250,      266.283,      980.024,       25.000,       0.2760,    0.0173647,
             1,       33.633,      271.233,     1002.485,       25.000,       0.2710,   -0.0053943,
             1,       32.250,      261.800,      962.540,       25.000,       0.1060,   -0.0851278,
             1,       34.683,      269.583,     1005.075,       25.000,       0.2260,   -0.0289900,
             1,       34.250,      267.967,     1002.585,       25.000,       0.2090,   -0.0688012,
             1,       34.850,      268.117,     1000.048,       25.000,       0.2690,   -0.0090940,
             1,       34.783,      269.183,     1004.272,       25.000,       0.2010,   -0.0622964,
             1,       29.360,      259.750,      956.839,       25.000,       0.1760,   -0.0037008,
             1,       34.067,      269.650,     1006.385,       25.000,       0.3740,    0.1150253,
             1,       34.020,      260.750,      964.292,       25.000,       0.1330,   -0.0385536,
             1,       45.467,      271.417,      967.612,       25.000,       0.2220,    0.0106860,
             1,       45.712,      260.870,      945.370,       25.000,       0.1170,   -0.0506936,
             1,       30.622,      261.915,      977.332,       25.000,       0.2100,    0.0082407,
             1,       35.820,      268.219,      984.828,       25.000,       0.1210,   -0.1560387,
             1,       40.035,      254.459,      719.286,       25.000,       0.1710,   -0.1122034,
             1,       32.041,      259.751,      934.393,       25.000,       0.0810,   -0.1562714,
             1,       45.516,      256.698,      906.674,       25.000,       0.1800,    0.0035949,
             1,       40.053,      271.627,      988.865,       25.000,       0.3670,    0.0924493,
             1,       41.556,      266.715,      982.819,       25.000,       0.2330,    0.0006910,
             1,       48.306,      264.126,      969.104,       25.000,       0.3000,    0.0744210,
             1,       36.599,      258.405,      897.834,       25.000,       0.1490,   -0.0616680,
             1,       36.568,      258.390,      897.834,       25.000,       0.1640,   -0.0466680,
             1,       42.425,      256.264,      855.271,       25.000,       0.1440,   -0.0575962,
             1,       46.770,      260.522,      941.449,       25.000,       0.0670,   -0.0885646,
             1,       37.428,      265.417,      975.533,       25.000,       0.4510,    0.0885747,
             1,       37.864,      256.178,      858.920,       25.000,       0.2020,   -0.0154031,
             1,       30.092,      268.127,     1014.540,       25.000,       0.2290,   -0.0502728,
             1,       40.695,      263.146,      963.734,       25.000,       0.3450,    0.0708730,
             1,       40.848,      263.435,      969.794,       25.000,       0.4110,    0.1057659,
             1,       39.103,      263.390,      965.107,       25.000,       0.3810,    0.1019863,
             1,       46.895,      256.623,      916.417,       25.000,       0.0870,   -0.0760522,
             1,       32.883,      267.883,     1007.557,       25.000,       0.0800,   -0.2006745,
             1,       33.956,      257.226,      883.239,       25.000,       0.1310,   -0.0311975,
             1,       44.060,      269.826,      980.014,       25.000,       0.0680,   -0.0893499,
             1,       40.807,      255.245,      843.997,       25.000,       0.0710,   -0.1485108,
             1,       38.870,      259.037,      906.691,       25.000,       0.3530,    0.1173739,
             1,       31.780,      264.277,      996.811,       25.000,       0.0650,   -0.2159829,
             1,       29.348,      256.791,      906.030,       25.000,       0.1090,   -0.1498628,
             1,       44.019,      259.647,      943.752,       25.000,       0.2410,    0.0524434,
             1,       37.634,      268.277,      969.221,       25.000,       0.1650,   -0.2198811,
             1,       46.114,      267.006,      974.481,       25.000,       0.1870,   -0.0043662,
             1,       41.843,      271.149,      985.232,       25.000,       0.1840,   -0.0881482,
             1,       43.735,      263.378,      954.827,       25.000,       0.3080,    0.1221294,
             1,       36.118,      262.909,      971.727,       25.000,       0.3670,    0.1540966,
             1,       36.135,      262.892,      971.727,       25.000,       0.2810,    0.0680966,
             1,       44.517,      255.564,      865.355,       25.000,       0.0610,   -0.1314442,
            -1,       42.068,      258.555,      884.316,       25.000,          nan,          nan,
