# rdiagbuf(12),  rdiagbuf(3),  rdiagbuf(4),  rdiagbuf(6), rdiagbuf(16), rdiagbuf(17), rdiagbuf(18),
             1,       37.133,      262.917,      966.457,       25.000,       0.2530,    0.0000363,
             1,       42.017,      266.267,      979.250,       25.000,       0.1640,   -0.0600317,
             1,       30.070,      265.710,     1012.046,       25.000,       0.3810,    0.0728891,
             1,       35.167,      257.900,      890.495,       25.000,       0.0740,   -0.1377252,
             1,       39.700,      263.833,      966.521,       25.000,       0.2400,   -0.1261997,
             1,       39.228,      267.881,      981.926,       25.000,       0.3550,    0.0094961,
             1,       40.820,      255.290,      843.985,       25.000,       0.1960,   -0.0204708,
             1,       45.417,      266.050,      976.121,       25.000,       0.0600,   -0.1422226,
             1,       43.733,      263.383,      954.634,       25.000,       0.2480,    0.0617988,
             1,       35.550,      261.983,      959.601,       25.000,       0.1580,   -0.0280057,
             1,       47.717,      263.733,      973.560,       25.000,       0.0930,   -0.1544884,
             1,       34.250,      270.133,     1001.852,       25.000,       0.1350,   -0.1384444,
             1,       34.233,      270.100,     1004.887,       25.000,       0.0930,   -0.1618588,
             1,       33.450,      260.130,      951.605,       25.000,       0.2250,    0.0622850,
             1,       39.050,      264.817,      976.141,       25.000,       0.2240,   -0.0589307,
             1,       40.317,      270.100,      994.064,       25.000,       0.1130,   -0.1678540,
             1,       33.000,      268.933,     1009.754,       25.000,       0.3160,    0.0795506,
             1,       40.867,      255.267,      826.198,       25.000,       0.2370,    0.0104656,
             1,       32.750,      269.067,     1009.519,       25.000,       0.2660,    0.0257052,
             1,       33.967,      269.100,     1007.459,       25.000,       0.2950,    0.0732595,
             1,       39.783,      260.667,      940.729,       25.000,       0.2530,    0.0491638,
             1,       30.083,      264.017,     1003.083,       25.000,       0.0770,   -0.0759558,
             1,       31.480,      263.120,      993.388,       25.000,       0.2110,   -0.0081479,
             1,       40.850,      263.533,      970.238,       25.000,       0.3780,    0.0748723,
             1,       31.550,      259.490,      934.392,       25.000,       0.3440,    0.0991163,
             1,       33.667,      269.433,     1008.668,       25.000,       0.0720,   -0.1748336,
             1,       37.990,      265.960,      978.899,       25.000,       0.3250,   -0.0314690,
             1,       33.617,      268.900,     1008.492,       25.000,       0.3390,    0.1089629,
             1,       42.433,      264.233,      965.959,       25.000,       0.3670,    0.1950590,
             1,       33.083,      269.483,     1008.594,       25.000,       0.2370,   -0.0372823,
             1,       40.250,      266.283,      979.650,       25.000,       0.2760,   -0.0429288,
             1,       33.633,      271.233,     1002.485,       25.000,       0.2710,   -0.0054918,
             1,       32.250,      261.800,      962.870,       25.000,       0.1060,   -0.0857255,
             1,       34.683,      269.583,     1005.308,       25.000,       0.2260,   -0.0294674,
             1,       34.250,      267.967,     1002.727,       25.000,       0.2090,   -0.0686963,
             1,       34.850,      268.117,     1000.320,       25.000,       0.2690,   -0.0089535,
             1,       34.783,      269.183,     1004.492,       25.000,       0.2010,   -0.0630762,
             1,       29.360,      259.750,      956.820,       25.000,       0.1760,   -0.0027098,
             1,       34.067,      269.650,     1006.588,       25.000,       0.3740,    0.1141683,
             1,       34.020,      260.750,      964.663,       25.000,       0.1330,   -0.0371185,
             1,       45.467,      271.417,      967.618,       25.000,       0.2220,    0.0099342,
             1,       45.712,      260.870,      945.198,       25.000,       0.1170,   -0.0505463,
             1,       30.622,      261.915,      977.454,       25.000,       0.2100,    0.0093819,
             1,       35.820,      268.219,      984.856,       25.000,       0.1210,   -0.1560839,
             1,       40.035,      254.459,      719.286,       25.000,       0.1710,   -0.1104772,
             1,       32.041,      259.751,      934.298,       25.000,       0.0810,   -0.1441310,
             1,       45.516,      256.698,      906.418,       25.000,       0.1800,   -0.0015654,
             1,       40.053,      271.627,      988.865,       25.000,       0.3670,    0.0933310,
             1,       41.556,      266.715,      982.799,       25.000,       0.2330,   -0.0025100,
             1,       48.306,      264.126,      969.104,       25.000,       0.3000,    0.0745720,
             1,       36.599,      258.405,      898.041,       25.000,       0.1490,   -0.0539463,
             1,       36.568,      258.390,      898.041,       25.000,       0.1640,   -0.0389463,
             1,       42.425,      256.264,      855.307,       25.000,       0.1440,   -0.0546157,
             1,       46.770,      260.522,      941.358,       25.000,       0.0670,   -0.0887847,
             1,       37.428,      265.417,      975.714,       25.000,       0.4510,    0.1052854,
             1,       37.864,      256.178,      859.082,       25.000,       0.2020,   -0.0117167,
             1,       30.092,      268.127,     1014.600,       25.000,       0.2290,   -0.0501466,
             1,       40.695,      263.146,      963.567,       25.000,       0.3450,    0.0699036,
             1,       40.848,      263.435,      970.238,       25.000,       0.4110,    0.1078723,
             1,       39.103,      263.390,      964.630,       25.000,       0.3810,    0.1204155,
             1,       46.895,      256.623,      916.466,       25.000,       0.0870,   -0.0707527,
             1,       32.883,      267.883,     1007.738,       25.000,       0.0800,   -0.2011430,
             1,       33.956,      257.226,      883.191,       25.000,       0.1310,   -0.0317888,
             1,       44.060,      269.826,      979.976,       25.000,       0.0680,   -0.0851022,
             1,       40.807,      255.245,      843.985,       25.000,       0.0710,   -0.1454708,
             1,       38.870,      259.037,      906.651,       25.000,       0.3530,    0.1167402,
             1,       31.780,      264.277,      996.857,       25.000,       0.0650,   -0.2136243,
             1,       29.348,      256.791,      906.016,       25.000,       0.1090,   -0.1404035,
             1,       44.019,      259.647,      943.883,       25.000,       0.2410,    0.0522304,
             1,       37.634,      268.277,      969.444,       25.000,       0.1650,   -0.1884528,
             1,       46.114,      267.006,      974.293,       25.000,       0.1870,   -0.0044656,
             1,       41.843,      271.149,      985.216,       25.000,       0.1840,   -0.0885843,
             1,       43.735,      263.378,      954.634,       25.000,       0.3080,    0.1217988,
             1,       36.118,      262.909,      971.392,       25.000,       0.3670,    0.1872270,
             1,       36.135,      262.892,      971.392,       25.000,       0.2810,    0.1012270,
             1,       44.517,      255.564,      865.122,       25.000,       0.0610,   -0.1330769,
            -1,       42.068,      258.555,      884.404,       25.000,          nan,          nan,
