# rdiagbuf(12),  rdiagbuf(3),  rdiagbuf(4),  rdiagbuf(6), rdiagbuf(16), rdiagbuf(17), rdiagbuf(18),
             1,       37.133,      262.917,      966.744,       25.000,       0.2530,    0.0321976,
             1,       42.017,      266.267,      978.933,       25.000,       0.1640,   -0.0606478,
             1,       30.070,      265.710,     1011.962,       25.000,       0.3810,    0.0779157,
             1,       35.167,      257.900,      890.579,       25.000,       0.0740,   -0.1405999,
             1,       39.700,      263.833,      966.597,       25.000,       0.2400,   -0.0936993,
             1,       39.228,      267.881,      981.757,       25.000,       0.3550,    0.0446288,
             1,       40.820,      255.290,      843.975,       25.000,       0.1960,   -0.0086977,
             1,       45.417,      266.050,      976.104,       25.000,       0.0600,   -0.1304123,
             1,       43.733,      263.383,      954.679,       25.000,       0.2480,    0.0605341,
             1,       35.550,      261.983,      960.496,       25.000,       0.1580,   -0.0268305,
             1,       47.717,      263.733,      973.624,       25.000,       0.0930,   -0.1511648,
             1,       34.250,      270.133,     1001.804,       25.000,       0.1350,   -0.1291340,
             1,       34.233,      270.100,     1004.763,       25.000,       0.0930,   -0.1570315,
             1,       33.450,      260.130,      951.454,       25.000,       0.2250,    0.0663517,
             1,       39.050,      264.817,      975.836,       25.000,       0.2240,   -0.0494565,
             1,       40.317,      270.100,      993.867,       25.000,       0.1130,   -0.2346270,
             1,       33.000,      268.933,     1009.786,       25.000,       0.3160,    0.0762919,
             1,       40.867,      255.267,      826.184,       25.000,       0.2370,    0.0462596,
             1,       32.750,      269.067,     1009.552,       25.000,       0.2660,    0.0266045,
             1,       33.967,      269.100,     1007.406,       25.000,       0.2950,    0.0741583,
             1,       39.783,      260.667,      941.056,       25.000,       0.2530,    0.0357137,
             1,       30.083,      264.017,     1003.039,       25.000,       0.0770,   -0.0573991,
             1,       31.480,      263.120,      993.387,       25.000,       0.2110,   -0.0060921,
             1,       40.850,      263.533,      970.235,       25.000,       0.3780,    0.0631792,
             1,       31.550,      259.490,      934.343,       25.000,       0.3440,    0.0997368,
             1,       33.667,      269.433,     1008.628,       25.000,       0.0720,   -0.1739054,
             1,       37.990,      265.960,      979.119,       25.000,       0.3250,   -0.0134393,
             1,       33.617,      268.900,     1008.494,       25.000,       0.3390,    0.1080353,
             1,       42.433,      264.233,      966.947,       25.000,       0.3670,    0.1732841,
             1,       33.083,      269.483,     1008.597,       25.000,       0.2370,   -0.0367019,
             1,       40.250,      266.283,      979.227,       25.000,       0.2760,   -0.0741207,
             1,       33.633,      271.233,     1002.485,       25.000,       0.2710,    0.0018295,
             1,       32.250,      261.800,      962.930,       25.000,       0.1060,   -0.0831541,
             1,       34.683,      269.583,     1004.933,       25.000,       0.2260,   -0.0142495,
             1,       34.250,      267.967,     1002.525,       25.000,       0.2090,   -0.0532970,
             1,       34.850,      268.117,     1000.099,       25.000,       0.2690,    0.0056490,
             1,       34.783,      269.183,     1004.188,       25.000,       0.2010,   -0.0615393,
             1,       29.360,      259.750,      956.817,       25.000,       0.1760,    0.0083777,
             1,       34.067,      269.650,     1006.342,       25.000,       0.3740,    0.1185978,
             1,       34.020,      260.750,      964.148,       25.000,       0.1330,   -0.0279010,
             1,       45.467,      271.417,      967.543,       25.000,       0.2220,    0.0075488,
             1,       45.712,      260.870,      945.592,       25.000,       0.1170,   -0.0480282,
             1,       30.622,      261.915,      977.352,       25.000,       0.2100,    0.0042516,
             1,       35.820,      268.219,      984.756,       25.000,       0.1210,   -0.1450770,
             1,       40.035,      254.459,      719.286,       25.000,       0.1710,   -0.0993764,
             1,       32.041,      259.751,      934.294,       25.000,       0.0810,   -0.1388143,
             1,       45.516,      256.698,      906.294,       25.000,       0.1800,    0.0097708,
             1,       40.053,      271.627,      988.865,       25.000,       0.3670,    0.0987846,
             1,       41.556,      266.715,      982.522,       25.000,       0.2330,   -0.0005820,
             1,       48.306,      264.126,      969.104,       25.000,       0.3000,    0.0726326,
             1,       36.599,      258.405,      897.831,       25.000,       0.1490,   -0.0388316,
             1,       36.568,      258.390,      897.831,       25.000,       0.1640,   -0.0238316,
             1,       42.425,      256.264,      855.142,       25.000,       0.1440,   -0.0394750,
             1,       46.770,      260.522,      941.204,       25.000,       0.0670,   -0.0825431,
             1,       37.428,      265.417,      975.734,       25.000,       0.4510,    0.1354755,
             1,       37.864,      256.178,      859.082,       25.000,       0.2020,    0.0029997,
             1,       30.092,      268.127,     1014.517,       25.000,       0.2290,   -0.0453152,
             1,       40.695,      263.146,      963.850,       25.000,       0.3450,    0.0234162,
             1,       40.848,      263.435,      970.235,       25.000,       0.4110,    0.0961792,
             1,       39.103,      263.390,      965.196,       25.000,       0.3810,    0.1124145,
             1,       46.895,      256.623,      916.509,       25.000,       0.0870,   -0.0628554,
             1,       32.883,      267.883,     1007.828,       25.000,       0.0800,   -0.2036579,
             1,       33.956,      257.226,      883.140,       25.000,       0.1310,   -0.0241231,
             1,       44.060,      269.826,      979.904,       25.000,       0.0680,   -0.0681174,
             1,       40.807,      255.245,      843.975,       25.000,       0.0710,   -0.1336977,
             1,       38.870,      259.037,      906.631,       25.000,       0.3530,    0.1295697,
             1,       31.780,      264.277,      996.822,       25.000,       0.0650,   -0.1984284,
             1,       29.348,      256.791,      905.982,       25.000,       0.1090,   -0.1196266,
             1,       44.019,      259.647,      943.739,       25.000,       0.2410,    0.0444652,
             1,       37.634,      268.277,      968.919,       25.000,       0.1650,   -0.1971114,
             1,       46.114,      267.006,      974.210,       25.000,       0.1870,   -0.0009563,
             1,       41.843,      271.149,      985.191,       25.000,       0.1840,   -0.0881225,
             1,       43.735,      263.378,      954.679,       25.000,       0.3080,    0.1205341,
             1,       36.118,      262.909,      972.129,       25.000,       0.3670,    0.1831113,
             1,       36.135,      262.892,      972.129,       25.000,       0.2810,    0.0971113,
             1,       44.517,      255.564,      865.232,       25.000,       0.0610,   -0.1363364,
            -1,       42.068,      258.555,      884.370,       25.000,          nan,          nan,
