# rdiagbuf(12),  rdiagbuf(3),  rdiagbuf(4),  rdiagbuf(6), rdiagbuf(16), rdiagbuf(17), rdiagbuf(18),
             1,       37.133,      262.917,      965.564,       25.000,       0.2530,    0.0155614,
             1,       42.017,      266.267,      978.853,       25.000,       0.1640,   -0.0583760,
             1,       30.070,      265.710,     1012.004,       25.000,       0.3810,    0.0760567,
             1,       35.167,      257.900,      890.374,       25.000,       0.0740,   -0.1363949,
             1,       39.700,      263.833,      966.346,       25.000,       0.2400,   -0.1152188,
             1,       39.228,      267.881,      982.074,       25.000,       0.3550,    0.0647356,
             1,       40.820,      255.290,      844.029,       25.000,       0.1960,   -0.0285464,
             1,       45.417,      266.050,      975.723,       25.000,       0.0600,   -0.1394646,
             1,       43.733,      263.383,      954.748,       25.000,       0.2480,    0.0630877,
             1,       35.550,      261.983,      960.343,       25.000,       0.1580,   -0.0494054,
             1,       47.717,      263.733,      973.558,       25.000,       0.0930,   -0.1568290,
             1,       34.250,      270.133,     1001.761,       25.000,       0.1350,   -0.1360281,
             1,       34.233,      270.100,     1004.791,       25.000,       0.0930,   -0.1611139,
             1,       33.450,      260.130,      951.288,       25.000,       0.2250,    0.0658845,
             1,       39.050,      264.817,      976.220,       25.000,       0.2240,   -0.0412597,
             1,       40.317,      270.100,      994.150,       25.000,       0.1130,   -0.2032306,
             1,       33.000,      268.933,     1009.698,       25.000,       0.3160,    0.0782886,
             1,       40.867,      255.267,      826.233,       25.000,       0.2370,    0.0146139,
             1,       32.750,      269.067,     1009.529,       25.000,       0.2660,    0.0257616,
             1,       33.967,      269.100,     1007.391,       25.000,       0.2950,    0.0734461,
             1,       39.783,      260.667,      940.818,       25.000,       0.2530,    0.0378129,
             1,       30.083,      264.017,     1003.027,       25.000,       0.0770,   -0.0721205,
             1,       31.480,      263.120,      993.375,       25.000,       0.2110,   -0.0061881,
             1,       40.850,      263.533,      970.577,       25.000,       0.3780,    0.0787525,
             1,       31.550,      259.490,      934.367,       25.000,       0.3440,    0.0997381,
             1,       33.667,      269.433,     1008.505,       25.000,       0.0720,   -0.1749269,
             1,       37.990,      265.960,      979.187,       25.000,       0.3250,    0.0012822,
             1,       33.617,      268.900,     1008.410,       25.000,       0.3390,    0.1086704,
             1,       42.433,      264.233,      965.955,       25.000,       0.3670,    0.1937920,
             1,       33.083,      269.483,     1008.498,       25.000,       0.2370,   -0.0386148,
             1,       40.250,      266.283,      980.035,       25.000,       0.2760,   -0.0388361,
             1,       33.633,      271.233,     1002.485,       25.000,       0.2710,   -0.0037634,
             1,       32.250,      261.800,      962.947,       25.000,       0.1060,   -0.0839637,
             1,       34.683,      269.583,     1005.192,       25.000,       0.2260,   -0.0293904,
             1,       34.250,      267.967,     1002.652,       25.000,       0.2090,   -0.0668611,
             1,       34.850,      268.117,     1000.192,       25.000,       0.2690,   -0.0073974,
             1,       34.783,      269.183,     1004.405,       25.000,       0.2010,   -0.0628228,
             1,       29.360,      259.750,      956.817,       25.000,       0.1760,   -0.0003971,
             1,       34.067,      269.650,     1006.487,       25.000,       0.3740,    0.1143808,
             1,       34.020,      260.750,      963.371,       25.000,       0.1330,   -0.0388190,
             1,       45.467,      271.417,      967.548,       25.000,       0.2220,    0.0103279,
             1,       45.712,      260.870,      945.203,       25.000,       0.1170,   -0.0491219,
             1,       30.622,      261.915,      977.316,       25.000,       0.2100,    0.0078427,
             1,       35.820,      268.219,      984.890,       25.000,       0.1210,   -0.1582777,
             1,       40.035,      254.459,      719.286,       25.000,       0.1710,   -0.1098031,
             1,       32.041,      259.751,      934.239,       25.000,       0.0810,   -0.1412488,
             1,       45.516,      256.698,      906.285,       25.000,       0.1800,    0.0030141,
             1,       40.053,      271.627,      988.865,       25.000,       0.3670,    0.0929457,
             1,       41.556,      266.715,      982.741,       25.000,       0.2330,    0.0079263,
             1,       48.306,      264.126,      969.104,       25.000,       0.3000,    0.0704088,
             1,       36.599,      258.405,      897.951,       25.000,       0.1490,   -0.0516673,
             1,       36.568,      258.390,      897.951,       25.000,       0.1640,   -0.0366673,
             1,       42.425,      256.264,      855.305,       25.000,       0.1440,   -0.0496953,
             1,       46.770,      260.522,      940.992,       25.000,       0.0670,   -0.0874539,
             1,       37.428,      265.417,      975.846,       25.000,       0.4510,    0.1289969,
             1,       37.864,      256.178,      859.051,       25.000,       0.2020,   -0.0129839,
             1,       30.092,      268.127,     1014.620,       25.000,       0.2290,   -0.0493682,
             1,       40.695,      263.146,      964.013,       25.000,       0.3450,    0.0828025,
             1,       40.848,      263.435,      970.577,       25.000,       0.4110,    0.1117525,
             1,       39.103,      263.390,      964.831,       25.000,       0.3810,    0.1110303,
             1,       46.895,      256.623,      916.410,       25.000,       0.0870,   -0.0703048,
             1,       32.883,      267.883,     1007.754,       25.000,       0.0800,   -0.2020500,
             1,       33.956,      257.226,      882.967,       25.000,       0.1310,   -0.0282144,
             1,       44.060,      269.826,      979.898,       25.000,       0.0680,   -0.0815972,
             1,       40.807,      255.245,      844.029,       25.000,       0.0710,   -0.1535464,
             1,       38.870,      259.037,      906.526,       25.000,       0.3530,    0.1214031,
             1,       31.780,      264.277,      996.965,       25.000,       0.0650,   -0.2103389,
             1,       29.348,      256.791,      905.987,       25.000,       0.1090,   -0.1319013,
             1,       44.019,      259.647,      943.577,       25.000,       0.2410,    0.0525150,
             1,       37.634,      268.277,      969.294,       25.000,       0.1650,   -0.2005667,
             1,       46.114,      267.006,      973.907,       25.000,       0.1870,   -0.0040314,
             1,       41.843,      271.149,      985.205,       25.000,       0.1840,   -0.0879857,
             1,       43.735,      263.378,      954.748,       25.000,       0.3080,    0.1230877,
             1,       36.118,      262.909,      971.649,       25.000,       0.3670,    0.1807043,
             1,       36.135,      262.892,      971.649,       25.000,       0.2810,    0.0947043,
             1,       44.517,      255.564,      865.240,       25.000,       0.0610,   -0.1305079,
            -1,       42.068,      258.555,      884.074,       25.000,          nan,          nan,
