# rdiagbuf(12),  rdiagbuf(3),  rdiagbuf(4),  rdiagbuf(6), rdiagbuf(16), rdiagbuf(17), rdiagbuf(18),
             1,       37.133,      262.917,      967.667,       25.000,       0.2530,   -0.0043569,
             1,       42.017,      266.267,      979.106,       25.000,       0.1640,   -0.0601218,
             1,       30.070,      265.710,     1011.999,       25.000,       0.3810,    0.0770022,
             1,       35.167,      257.900,      890.589,       25.000,       0.0740,   -0.1389654,
             1,       39.700,      263.833,      966.704,       25.000,       0.2400,   -0.1207837,
             1,       39.228,      267.881,      981.789,       25.000,       0.3550,    0.0670132,
             1,       40.820,      255.290,      843.993,       25.000,       0.1960,   -0.0140600,
             1,       45.417,      266.050,      975.691,       25.000,       0.0600,   -0.1363367,
             1,       43.733,      263.383,      954.752,       25.000,       0.2480,    0.0622151,
             1,       35.550,      261.983,      959.836,       25.000,       0.1580,   -0.0302626,
             1,       47.717,      263.733,      973.530,       25.000,       0.0930,   -0.1553690,
             1,       34.250,      270.133,     1001.775,       25.000,       0.1350,   -0.1342280,
             1,       34.233,      270.100,     1004.726,       25.000,       0.0930,   -0.1593913,
             1,       33.450,      260.130,      951.469,       25.000,       0.2250,    0.0650680,
             1,       39.050,      264.817,      976.622,       25.000,       0.2240,   -0.0486175,
             1,       40.317,      270.100,      993.608,       25.000,       0.1130,   -0.2258199,
             1,       33.000,      268.933,     1009.703,       25.000,       0.3160,    0.0777320,
             1,       40.867,      255.267,      826.206,       25.000,       0.2370,    0.0206027,
             1,       32.750,      269.067,     1009.505,       25.000,       0.2660,    0.0259415,
             1,       33.967,      269.100,     1007.295,       25.000,       0.2950,    0.0733575,
             1,       39.783,      260.667,      940.762,       25.000,       0.2530,    0.0220735,
             1,       30.083,      264.017,     1003.030,       25.000,       0.0770,   -0.0685891,
             1,       31.480,      263.120,      993.376,       25.000,       0.2110,   -0.0061909,
             1,       40.850,      263.533,      970.477,       25.000,       0.3780,    0.0835709,
             1,       31.550,      259.490,      934.340,       25.000,       0.3440,    0.0997370,
             1,       33.667,      269.433,     1008.579,       25.000,       0.0720,   -0.1746409,
             1,       37.990,      265.960,      979.282,       25.000,       0.3250,   -0.0012039,
             1,       33.617,      268.900,     1008.384,       25.000,       0.3390,    0.1081485,
             1,       42.433,      264.233,      966.646,       25.000,       0.3670,    0.1919098,
             1,       33.083,      269.483,     1008.537,       25.000,       0.2370,   -0.0380841,
             1,       40.250,      266.283,      979.715,       25.000,       0.2760,   -0.0409896,
             1,       33.633,      271.233,     1002.485,       25.000,       0.2710,   -0.0016893,
             1,       32.250,      261.800,      962.848,       25.000,       0.1060,   -0.0829325,
             1,       34.683,      269.583,     1005.008,       25.000,       0.2260,   -0.0273630,
             1,       34.250,      267.967,     1002.334,       25.000,       0.2090,   -0.0654261,
             1,       34.850,      268.117,      999.883,       25.000,       0.2690,   -0.0060397,
             1,       34.783,      269.183,     1004.106,       25.000,       0.2010,   -0.0613664,
             1,       29.360,      259.750,      956.822,       25.000,       0.1760,    0.0018447,
             1,       34.067,      269.650,     1006.351,       25.000,       0.3740,    0.1151828,
             1,       34.020,      260.750,      963.719,       25.000,       0.1330,   -0.0370890,
             1,       45.467,      271.417,      967.464,       25.000,       0.2220,    0.0099935,
             1,       45.712,      260.870,      945.421,       25.000,       0.1170,   -0.0489869,
             1,       30.622,      261.915,      977.311,       25.000,       0.2100,    0.0068197,
             1,       35.820,      268.219,      984.374,       25.000,       0.1210,   -0.1450923,
             1,       40.035,      254.459,      719.286,       25.000,       0.1710,   -0.1083542,
             1,       32.041,      259.751,      934.248,       25.000,       0.0810,   -0.1412311,
             1,       45.516,      256.698,      906.477,       25.000,       0.1800,    0.0057674,
             1,       40.053,      271.627,      988.865,       25.000,       0.3670,    0.0926999,
             1,       41.556,      266.715,      982.707,       25.000,       0.2330,    0.0128628,
             1,       48.306,      264.126,      969.104,       25.000,       0.3000,    0.0664438,
             1,       36.599,      258.405,      898.325,       25.000,       0.1490,   -0.0613450,
             1,       36.568,      258.390,      898.325,       25.000,       0.1640,   -0.0463450,
             1,       42.425,      256.264,      855.233,       25.000,       0.1440,   -0.0442907,
             1,       46.770,      260.522,      941.441,       25.000,       0.0670,   -0.0872321,
             1,       37.428,      265.417,      975.616,       25.000,       0.4510,    0.1325197,
             1,       37.864,      256.178,      859.205,       25.000,       0.2020,   -0.0075057,
             1,       30.092,      268.127,     1014.536,       25.000,       0.2290,   -0.0483306,
             1,       40.695,      263.146,      964.252,       25.000,       0.3450,    0.0813027,
             1,       40.848,      263.435,      970.477,       25.000,       0.4110,    0.1165709,
             1,       39.103,      263.390,      965.585,       25.000,       0.3810,    0.1014139,
             1,       46.895,      256.623,      916.502,       25.000,       0.0870,   -0.0722042,
             1,       32.883,      267.883,     1007.686,       25.000,       0.0800,   -0.2024976,
             1,       33.956,      257.226,      883.107,       25.000,       0.1310,   -0.0340159,
             1,       44.060,      269.826,      980.012,       25.000,       0.0680,   -0.0783752,
             1,       40.807,      255.245,      843.993,       25.000,       0.0710,   -0.1390600,
             1,       38.870,      259.037,      906.610,       25.000,       0.3530,    0.1110133,
             1,       31.780,      264.277,      996.802,       25.000,       0.0650,   -0.2075833,
             1,       29.348,      256.791,      905.990,       25.000,       0.1090,   -0.1257182,
             1,       44.019,      259.647,      943.587,       25.000,       0.2410,    0.0523909,
             1,       37.634,      268.277,      969.448,       25.000,       0.1650,   -0.1907879,
             1,       46.114,      267.006,      973.530,       25.000,       0.1870,   -0.0021203,
             1,       41.843,      271.149,      985.088,       25.000,       0.1840,   -0.0877349,
             1,       43.735,      263.378,      954.752,       25.000,       0.3080,    0.1222151,
             1,       36.118,      262.909,      971.610,       25.000,       0.3670,    0.1895765,
             1,       36.135,      262.892,      971.610,       25.000,       0.2810,    0.1035765,
             1,       44.517,      255.564,      865.137,       25.000,       0.0610,   -0.1304302,
            -1,       42.068,      258.555,      884.123,       25.000,          nan,          nan,
